version https://git-lfs.github.com/spec/v1
oid sha256:2d08758c466b5396ab501a163f7af5c76bc39d04f2097eab4c569306b24de5b1
size 16990373
